WKNIGHT
195,295,210,230,230,235,292,195,
205,220,225,298,297,205,205,220,
215,245,300,300,300,300,245,215,
205,210,300,330,330,300,240,205,
210,215,300,335,335,300,255,240,
315,310,300,340,340,300,320,320,
220,305,340,345,345,350,305,325,
195,205,205,205,205,205,205,195

BKNIGHT
195,205,205,205,205,205,205,195,
220,305,340,345,345,350,305,325,
315,310,300,340,340,300,320,320,
210,215,300,335,335,300,255,240,
205,210,300,330,330,300,240,205,
215,245,300,300,300,300,245,215,
205,220,225,298,297,205,205,220,
195,295,210,230,230,235,292,195

WQUEEN
900,900,900,930,900,900,900,900,
900,900,900,900,900,900,900,900,
900,900,900,900,900,900,900,900,
900,900,900,900,900,900,900,900,
900,900,900,900,900,900,900,900,
900,900,900,900,900,900,900,900,
900,900,900,900,900,900,900,900,
900,900,900,900,900,900,900,900

BQUEEN
900,900,900,900,900,900,900,900,
900,900,900,900,900,900,900,900,
900,900,900,900,900,900,900,900,
900,900,900,900,900,900,900,900,
900,900,900,900,900,900,900,900,
900,900,900,900,900,900,900,900,
900,900,900,900,900,900,900,900,
900,900,900,930,900,900,900,900

WBISHOP
300,300,300,300,300,300,300,300,
300,330,300,300,300,300,330,300,
300,300,300,340,300,300,300,300,
300,300,350,300,300,300,300,300,
300,300,300,300,300,300,300,300,
300,300,300,300,300,300,300,300,
300,300,300,300,300,300,300,300,
300,300,300,300,300,300,300,300

BBISHOP
300,300,300,300,300,300,300,300,
300,300,300,300,300,300,300,300,
300,300,300,300,300,300,300,300,
300,300,300,300,300,300,300,300,
300,300,350,300,300,300,300,300,
300,300,300,340,300,300,300,300,
300,330,300,300,300,300,330,300,
300,300,300,300,300,300,300,300

WROOK
520,520,520,520,520,520,520,520,
510,510,510,510,510,510,510,510,
500,500,500,500,500,500,500,500,
500,500,500,500,500,500,500,500,
500,500,500,500,500,500,500,500,
500,500,500,500,500,500,500,500,
530,530,530,530,530,530,530,530,
510,510,510,510,510,510,510,510

BROOK
510,510,510,510,510,510,510,510,
530,530,530,530,530,530,530,530,
500,500,500,500,500,500,500,500,
500,500,500,500,500,500,500,500,
500,500,500,500,500,500,500,500,
500,500,500,500,500,500,500,500,
510,510,510,510,510,510,510,510,
520,520,520,520,520,520,520,520

WKING
0,0,30,0,20,0,40,0,
0,0,0,0,0,0,0,0,
0,0,0,0,0,0,0,0,
0,0,0,0,0,0,0,0,
0,0,0,0,0,0,0,0,
0,0,0,0,0,0,0,0,
0,0,0,0,0,0,0,0,
0,0,0,0,0,0,0,0

BKING
0,0,0,0,0,0,0,0,
0,0,0,0,0,0,0,0,
0,0,0,0,0,0,0,0,
0,0,0,0,0,0,0,0,
0,0,0,0,0,0,0,0,
0,0,0,0,0,0,0,0,
0,0,0,0,0,0,0,0,
0,0,30,0,20,0,40,0


WPAWN
100,100,100,100,100,100,100,100,
100,100,100,100,100,110,110,120,
100,100,95,105,105,100,100,100,
100,100,105,110,110,105,100,100,
100,100,100,110,115,100,100,100,
100,100,100,100,100,100,100,100,
100,100,100,100,100,100,100,100,
100,100,100,100,100,100,100,100

BPAWN
100,100,100,100,100,100,100,100,
100,100,100,100,100,100,100,100,
100,100,100,100,100,100,100,100,
100,100,100,110,115,100,100,100,
100,100,105,110,110,105,100,100,
100,100,95,105,105,100,100,100,
100,100,100,100,100,110,110,120,
100,100,100,100,100,100,100,100
